0.430797
0.430849
0.430887
0.431109
0.431164
0.431265
0.431271
0.431274
0.431274
0.431276
0.431201
0.431207
0.431167
0.431193
0.431271
0.431262
0.431213
0.430976
0.430838
0.430783
0.430843
0.430809
0.431083
0.431236
0.431302
0.431334
0.431268
0.430881
0.43048
0.430263
0.429899
0.429876
0.429744
0.429455
0.4294
0.429259
0.428967
0.428938
0.428866
0.429192
0.429596
0.430208
0.430858
0.431369
0.431865
0.432192
0.432255
0.432186
0.431782
0.431418
0.430904
0.430639
0.430249
0.429917
0.429764
0.429432
0.429339
0.429071
0.429033
0.428944
0.428996
0.429244
0.429337
0.429715
0.429914
0.430266
0.430595
0.430858
0.4311
0.431262
0.431279
0.431314
0.431314
0.431285
0.431276
0.431008
0.43082
0.43048
0.430327
0.430154
0.429833
0.429602
0.429475
0.429432
0.429383
0.4294
0.429412
0.429504
0.429723
0.429804
0.429894
0.430012
0.430263
0.430275
0.430434
0.430517
0.430607
0.43069
0.430621
0.430673
0.430615
0.43069
0.430563
0.430523
0.430503
0.430408
0.43033
0.430217
0.430041
0.429894
0.42985
0.429856
0.429865
0.429874
0.429894
0.429992
0.430194
0.430223
0.430272
0.430356
0.430318
0.430382
0.430465
0.43048
0.430503
0.430523
0.430699
0.430664
0.430699
0.430702
0.430679
0.430587
0.430483
0.430373
0.430387
0.430327
0.430269
0.430266
0.430223
0.430309
0.430353
0.430491
0.430517
0.430708
0.430806
0.430817
0.430864
0.430916
0.431158
0.431187
0.431253
0.431346
0.431331
0.431349
0.431369
0.431357
0.431302
0.431225
0.430953
0.430852
0.430815
0.430763
0.430711
0.430682
0.43065
0.430555
0.430413
0.430387
0.430364
0.430304
0.430263
0.430234
0.430257
0.430234
0.43024
0.430272
0.430298
0.430301
0.430266
0.430168
0.430148
0.430093
0.430073
0.430174
0.430185
0.430185
0.430255
0.430257
0.430298
0.430324
0.430341
0.430338
0.43033
0.43033
0.430364
0.430382
0.430382
0.430431
0.430396
0.430396
0.429349
0.429332
0.429361
0.429456
0.429543
0.429696
0.429751
0.429794
0.429886
0.429944
0.429984
0.430013
0.429875
0.429855
0.429814
0.429855
0.42986
0.429947
0.43021
0.430259
0.430319
0.430212
0.429973
0.429805
0.429768
0.429872
0.429984
0.430311
0.430348
0.430337
0.430236
0.429788
0.42932
0.428856
0.428362
0.427923
0.42749
0.427193
0.42676
0.42635
0.425905
0.425903
0.426009
0.426685
0.427562
0.428769
0.430224
0.431361
0.432369
0.433088
0.433223
0.432891
0.432285
0.431558
0.430591
0.429719
0.428853
0.428255
0.427828
0.42736
0.426999
0.426797
0.426474
0.426483
0.426491
0.426812
0.42721
0.427785
0.428437
0.429104
0.429736
0.430328
0.430706
0.430943
0.431243
0.431237
0.431211
0.430937
0.430804
0.430527
0.430123
0.429716
0.429237
0.42868
0.428336
0.427889
0.427701
0.427438
0.427337
0.427375
0.427378
0.427487
0.427845
0.428024
0.42842
0.42876
0.428896
0.429228
0.429335
0.429424
0.429497
0.429704
0.42971
0.42969
0.429733
0.429748
0.429551
0.429511
0.429471
0.429329
0.428991
0.42881
0.428642
0.428394
0.428313
0.428261
0.428157
0.428223
0.428319
0.428454
0.428781
0.428885
0.429095
0.429318
0.429344
0.429508
0.429624
0.429488
0.429736
0.429719
0.429768
0.429742
0.429788
0.429855
0.429823
0.429777
0.429716
0.429468
0.429309
0.429136
0.428963
0.428911
0.428882
0.429038
0.429237
0.429335
0.429396
0.429589
0.429676
0.429728
0.429797
0.42982
0.429869
0.429889
0.430161
0.43023
0.430241
0.43027
0.430244
0.430169
0.429883
0.4298
0.429664
0.42937
0.429283
0.429214
0.429173
0.429066
0.428911
0.428922
0.428824
0.428786
0.428734
0.428642
0.428555
0.428581
0.428564
0.428581
0.428789
0.428844
0.428867
0.428893
0.428908
0.42887
0.428844
0.428861
0.428896
0.428925
0.428971
0.429017
0.429032
0.429156
0.429234
0.429257
0.429266
0.429254
0.429251
0.429315
0.42928
0.429245
0.429471
0.42958
0.429768
0.429837
0.429944
0.430059
0.430181
0.430059
0.429996
0.430036
0.429967
0.429924
0.43001
0.430233
0.430394
0.430438
0.430516
0.430441
0.430311
0.430083
0.429927
0.430054
0.430342
0.430469
0.430651
0.430553
0.430299
0.429883
0.429341
0.428659
0.428203
0.427609
0.427103
0.426592
0.426015
0.425646
0.425377
0.425241
0.425588
0.426437
0.427672
0.429283
0.430868
0.432349
0.433544
0.43428
0.43432
0.43396
0.433131
0.431982
0.430902
0.429829
0.428882
0.428039
0.427424
0.426907
0.426512
0.426258
0.425983
0.42596
0.426079
0.426465
0.427014
0.427715
0.428478
0.429361
0.429964
0.430735
0.431278
0.43148
0.431688
0.431786
0.431627
0.43152
0.431307
0.43096
0.430501
0.429941
0.429381
0.428694
0.42807
0.42756
0.427193
0.427028
0.42691
0.42693
0.42704
0.4273
0.427536
0.427969
0.428362
0.428547
0.428937
0.429234
0.429442
0.429779
0.429803
0.429843
0.429872
0.429866
0.42986
0.429852
0.429817
0.429702
0.429456
0.429312
0.429066
0.428911
0.428538
0.428374
0.428047
0.427941
0.427981
0.427981
0.428195
0.428405
0.428619
0.428913
0.429329
0.42939
0.429462
0.429606
0.429736
0.429805
0.4298
0.429829
0.429805
0.429912
0.429935
0.429967
0.429932
0.429872
0.42973
0.429439
0.429344
0.429263
0.429052
0.42889
0.428983
0.429009
0.429214
0.429375
0.429465
0.42952
0.429606
0.429572
0.42965
0.429751
0.429901
0.429953
0.430028
0.430267
0.430334
0.430389
0.430331
0.43034
0.430149
0.429953
0.429779
0.429465
0.429378
0.429303
0.429196
0.42896
0.428971
0.428931
0.428922
0.428873
0.428758
0.428668
0.428576
0.42861
0.428691
0.428688
0.428853
0.428908
0.428965
0.429055
0.429029
0.429064
0.428977
0.428942
0.429006
0.428925
0.428954
0.429182
0.429219
0.429297
0.429364
0.429323
0.42941
0.429326
0.429332
0.429372
0.429355
0.429387
0.429398
0.429468
0.429387
0.429358
0.430135
0.430212
0.430279
0.430285
0.430417
0.430579
0.430709
0.430741
0.430865
0.430914
0.43092
0.430928
0.430891
0.430801
0.43083
0.430845
0.431079
0.431292
0.431512
0.431653
0.431509
0.43139
0.4312
0.430923
0.4309
0.431105
0.431344
0.431564
0.431538
0.431226
0.430813
0.430233
0.429511
0.428812
0.428154
0.427464
0.426725
0.42618
0.42553
0.425187
0.425074
0.425371
0.426338
0.427793
0.429606
0.431604
0.433552
0.435114
0.436171
0.436393
0.436026
0.435013
0.433662
0.432227
0.430761
0.429572
0.428379
0.427525
0.426962
0.426532
0.426292
0.42603
0.426015
0.426275
0.426616
0.427288
0.427969
0.428905
0.429837
0.430758
0.431691
0.432222
0.432666
0.432912
0.433021
0.43305
0.432802
0.432611
0.432201
0.431696
0.431012
0.430221
0.429488
0.428769
0.428143
0.427727
0.427418
0.427297
0.427277
0.427461
0.427782
0.428114
0.428501
0.428885
0.429335
0.429699
0.43014
0.430316
0.430579
0.430723
0.430712
0.430775
0.430781
0.430749
0.430723
0.430674
0.430559
0.430412
0.430184
0.429953
0.429595
0.429269
0.428893
0.428625
0.428394
0.428368
0.428437
0.428703
0.428873
0.429306
0.429742
0.430002
0.430308
0.430438
0.430643
0.430628
0.430709
0.430663
0.430697
0.430799
0.430787
0.430882
0.430949
0.43085
0.430813
0.430695
0.430472
0.430244
0.429956
0.429866
0.429748
0.42967
0.429716
0.429829
0.430036
0.430152
0.430207
0.430322
0.430406
0.43049
0.430493
0.430562
0.430738
0.43083
0.430992
0.431197
0.431191
0.431182
0.431145
0.431035
0.430799
0.43062
0.43038
0.430212
0.430051
0.429909
0.429826
0.42971
0.429713
0.429577
0.429447
0.429344
0.429332
0.429315
0.429271
0.429294
0.429341
0.429407
0.429517
0.429644
0.429704
0.429762
0.429742
0.429863
0.429837
0.429849
0.4298
0.429831
0.429895
0.429857
0.429924
0.429927
0.4301
0.430065
0.430129
0.430074
0.430109
0.430163
0.430068
0.430137
0.429349
0.429332
0.429361
0.429456
0.429543
0.429696
0.429751
0.429794
0.429886
0.429944
0.429984
0.430013
0.429875
0.429855
0.429814
0.429855
0.42986
0.429947
0.43021
0.430259
0.430319
0.430212
0.429973
0.429805
0.429768
0.429872
0.429984
0.430311
0.430348
0.430337
0.430236
0.429788
0.42932
0.428856
0.428362
0.427923
0.42749
0.427193
0.42676
0.42635
0.425905
0.425903
0.426009
0.426685
0.427562
0.428769
0.430224
0.431361
0.432369
0.433088
0.433223
0.432891
0.432285
0.431558
0.430591
0.429719
0.428853
0.428255
0.427828
0.42736
0.426999
0.426797
0.426474
0.426483
0.426491
0.426812
0.42721
0.427785
0.428437
0.429104
0.429736
0.430328
0.430706
0.430943
0.431243
0.431237
0.431211
0.430937
0.430804
0.430527
0.430123
0.429716
0.429237
0.42868
0.428336
0.427889
0.427701
0.427438
0.427337
0.427375
0.427378
0.427487
0.427845
0.428024
0.42842
0.42876
0.428896
0.429228
0.429335
0.429424
0.429497
0.429704
0.42971
0.42969
0.429733
0.429748
0.429551
0.429511
0.429471
0.429329
0.428991
0.42881
0.428642
0.428394
0.428313
0.428261
0.428157
0.428223
0.428319
0.428454
0.428781
0.428885
0.429095
0.429318
0.429344
0.429508
0.429624
0.429488
0.429736
0.429719
0.429768
0.429742
0.429788
0.429855
0.429823
0.429777
0.429716
0.429468
0.429309
0.429136
0.428963
0.428911
0.428882
0.429038
0.429237
0.429335
0.429396
0.429589
0.429676
0.429728
0.429797
0.42982
0.429869
0.429889
0.430161
0.43023
0.430241
0.43027
0.430244
0.430169
0.429883
0.4298
0.429664
0.42937
0.429283
0.429214
0.429173
0.429066
0.428911
0.428922
0.428824
0.428786
0.428734
0.428642
0.428555
0.428581
0.428564
0.428581
0.428789
0.428844
0.428867
0.428893
0.428908
0.42887
0.428844
0.428861
0.428896
0.428925
0.428971
0.429017
0.429032
0.429156
0.429234
0.429257
0.429266
0.429254
0.429251
0.429315
0.42928
0.429245
0.429349
0.429332
0.429361
0.429456
0.429543
0.429696
0.429751
0.429794
0.429886
0.429944
0.429984
0.430013
0.429875
0.429855
0.429814
0.429855
0.42986
0.429947
0.43021
0.430259
0.430319
0.430212
0.429973
0.429805
0.429768
0.429872
0.429984
0.430311
0.430348
0.430337
0.430236
0.429788
0.42932
0.428856
0.428362
0.427923
0.42749
0.427193
0.42676
0.42635
0.425905
0.425903
0.426009
0.426685
0.427562
0.428769
0.430224
0.431361
0.432369
0.433088
0.433223
0.432891
0.432285
0.431558
0.430591
0.429719
0.428853
0.428255
0.427828
0.42736
0.426999
0.426797
0.426474
0.426483
0.426491
0.426812
0.42721
0.427785
0.428437
0.429104
0.429736
0.430328
0.430706
0.430943
0.431243
0.431237
0.431211
0.430937
0.430804
0.430527
0.430123
0.429716
0.429237
0.42868
0.428336
0.427889
0.427701
0.427438
0.427337
0.427375
0.427378
0.427487
0.427845
0.428024
0.42842
0.42876
0.428896
0.429228
0.429335
0.429424
0.429497
0.429704
0.42971
0.42969
0.429733
0.429748
0.429551
0.429511
0.429471
0.429329
0.428991
0.42881
0.428642
0.428394
0.428313
0.428261
0.428157
0.428223
0.428319
0.428454
0.428781
0.428885
0.429095
0.429318
0.429344
0.429508
0.429624
0.429488
0.429736
0.429719
0.429768
0.429742
0.429788
0.429855
0.429823
0.429777
0.429716
0.429468
0.429309
0.429136
0.428963
0.428911
0.428882
0.429038
0.429237
0.429335
0.429396
0.429589
0.429676
0.429728
0.429797
0.42982
0.429869
0.429889
0.430161
0.43023
0.430241
0.43027
0.430244
0.430169
0.429883
0.4298
0.429664
0.42937
0.429283
0.429214
0.429173
0.429066
0.428911
0.428922
0.428824
0.428786
0.428734
0.428642
0.428555
0.428581
0.428564
0.428581
0.428789
0.428844
0.428867
0.428893
0.428908
0.42887
0.428844
0.428861
0.428896
0.428925
0.428971
0.429017
0.429032
0.429156
0.429234
0.429257
0.429266
0.429254
0.429251
0.429315
0.42928
0.429245
0.429349
0.429332
0.429361
0.429456
0.429543
0.429696
0.429751
0.429794
0.429886
0.429944
0.429984
0.430013
0.429875
0.429855
0.429814
0.429855
0.42986
0.429947
0.43021
0.430259
0.430319
0.430212
0.429973
0.429805
0.429768
0.429872
0.429984
0.430311
0.430348
0.430337
0.430236
0.429788
0.42932
0.428856
0.428362
0.427923
0.42749
0.427193
0.42676
0.42635
0.425905
0.425903
0.426009
0.426685
0.427562
0.428769
0.430224
0.431361
0.432369
0.433088
0.433223
0.432891
0.432285
0.431558
0.430591
0.429719
0.428853
0.428255
0.427828
0.42736
0.426999
0.426797
0.426474
0.426483
0.426491
0.426812
0.42721
0.427785
0.428437
0.429104
0.429736
0.430328
0.430706
0.430943
0.431243
0.431237
0.431211
0.430937
0.430804
0.430527
0.430123
0.429716
0.429237
0.42868
0.428336
0.427889
0.427701
0.427438
0.427337
0.427375
0.427378
0.427487
0.427845
0.428024
0.42842
0.42876
0.428896
0.429228
0.429335
0.429424
0.429497
0.429704
0.42971
0.42969
0.429733
0.429748
0.429551
0.429511
0.429471
0.429329
0.428991
0.42881
0.428642
0.428394
0.428313
0.428261
0.428157
0.428223
0.428319
0.428454
0.428781
0.428885
0.429095
0.429318
0.429344
0.429508
0.429624
0.429488
0.429736
0.429719
0.429768
0.429742
0.429788
0.429855
0.429823
0.429777
0.429716
0.429468
0.429309
0.429136
0.428963
0.428911
0.428882
0.429038
0.429237
0.429335
0.429396
0.429589
0.429676
0.429728
0.429797
0.42982
0.429869
0.429889
0.430161
0.43023
0.430241
0.43027
0.430244
0.430169
0.429883
0.4298
0.429664
0.42937
0.429283
0.429214
0.429173
0.429066
0.428911
0.428922
0.428824
0.428786
0.428734
0.428642
0.428555
0.428581
0.428564
0.428581
0.428789
0.428844
0.428867
0.428893
0.428908
0.42887
0.428844
0.428861
0.428896
0.428925
0.428971
0.429017
0.429032
0.429156
0.429234
0.429257
0.429266
0.429254
0.429251
0.429315
0.42928
0.429245
0.429471
0.42958
0.429768
0.429837
0.429944
0.430059
0.430181
0.430059
0.429996
0.430036
0.429967
0.429924
0.43001
0.430233
0.430394
0.430438
0.430516
0.430441
0.430311
0.430083
0.429927
0.430054
0.430342
0.430469
0.430651
0.430553
0.430299
0.429883
0.429341
0.428659
0.428203
0.427609
0.427103
0.426592
0.426015
0.425646
0.425377
0.425241
0.425588
0.426437
0.427672
0.429283
0.430868
0.432349
0.433544
0.43428
0.43432
0.43396
0.433131
0.431982
0.430902
0.429829
0.428882
0.428039
0.427424
0.426907
0.426512
0.426258
0.425983
0.42596
0.426079
0.426465
0.427014
0.427715
0.428478
0.429361
0.429964
0.430735
0.431278
0.43148
0.431688
0.431786
0.431627
0.43152
0.431307
0.43096
0.430501
0.429941
0.429381
0.428694
0.42807
0.42756
0.427193
0.427028
0.42691
0.42693
0.42704
0.4273
0.427536
0.427969
0.428362
0.428547
0.428937
0.429234
0.429442
0.429779
0.429803
0.429843
0.429872
0.429866
0.42986
0.429852
0.429817
0.429702
0.429456
0.429312
0.429066
0.428911
0.428538
0.428374
0.428047
0.427941
0.427981
0.427981
0.428195
0.428405
0.428619
0.428913
0.429329
0.42939
0.429462
0.429606
0.429736
0.429805
0.4298
0.429829
0.429805
0.429912
0.429935
0.429967
0.429932
0.429872
0.42973
0.429439
0.429344
0.429263
0.429052
0.42889
0.428983
0.429009
0.429214
0.429375
0.429465
0.42952
0.429606
0.429572
0.42965
0.429751
0.429901
0.429953
0.430028
0.430267
0.430334
0.430389
0.430331
0.43034
0.430149
0.429953
0.429779
0.429465
0.429378
0.429303
0.429196
0.42896
0.428971
0.428931
0.428922
0.428873
0.428758
0.428668
0.428576
0.42861
0.428691
0.428688
0.428853
0.428908
0.428965
0.429055
0.429029
0.429064
0.428977
0.428942
0.429006
0.428925
0.428954
0.429182
0.429219
0.429297
0.429364
0.429323
0.42941
0.429326
0.429332
0.429372
0.429355
0.429387
0.429398
0.429468
0.429387
0.429358
0.429349
0.429332
0.429361
0.429456
0.429543
0.429696
0.429751
0.429794
0.429886
0.429944
0.429984
0.430013
0.429875
0.429855
0.429814
0.429855
0.42986
0.429947
0.43021
0.430259
0.430319
0.430212
0.429973
0.429805
0.429768
0.429872
0.429984
0.430311
0.430348
0.430337
0.430236
0.429788
0.42932
0.428856
0.428362
0.427923
0.42749
0.427193
0.42676
0.42635
0.425905
0.425903
0.426009
0.426685
0.427562
0.428769
0.430224
0.431361
0.432369
0.433088
0.433223
0.432891
0.432285
0.431558
0.430591
0.429719
0.428853
0.428255
0.427828
0.42736
0.426999
0.426797
0.426474
0.426483
0.426491
0.426812
0.42721
0.427785
0.428437
0.429104
0.429736
0.430328
0.430706
0.430943
0.431243
0.431237
0.431211
0.430937
0.430804
0.430527
0.430123
0.429716
0.429237
0.42868
0.428336
0.427889
0.427701
0.427438
0.427337
0.427375
0.427378
0.427487
0.427845
0.428024
0.42842
0.42876
0.428896
0.429228
0.429335
0.429424
0.429497
0.429704
0.42971
0.42969
0.429733
0.429748
0.429551
0.429511
0.429471
0.429329
0.428991
0.42881
0.428642
0.428394
0.428313
0.428261
0.428157
0.428223
0.428319
0.428454
0.428781
0.428885
0.429095
0.429318
0.429344
0.429508
0.429624
0.429488
0.429736
0.429719
0.429768
0.429742
0.429788
0.429855
0.429823
0.429777
0.429716
0.429468
0.429309
0.429136
0.428963
0.428911
0.428882
0.429038
0.429237
0.429335
0.429396
0.429589
0.429676
0.429728
0.429797
0.42982
0.429869
0.429889
0.430161
0.43023
0.430241
0.43027
0.430244
0.430169
0.429883
0.4298
0.429664
0.42937
0.429283
0.429214
0.429173
0.429066
0.428911
0.428922
0.428824
0.428786
0.428734
0.428642
0.428555
0.428581
0.428564
0.428581
0.428789
0.428844
0.428867
0.428893
0.428908
0.42887
0.428844
0.428861
0.428896
0.428925
0.428971
0.429017
0.429032
0.429156
0.429234
0.429257
0.429266
0.429254
0.429251
0.429315
0.42928
0.429245
0.430377
0.430605
0.430683
0.430723
0.430784
0.430778
0.430784
0.430744
0.430683
0.430721
0.430715
0.43083
0.430969
0.431073
0.431107
0.430773
0.430706
0.430386
0.430348
0.430406
0.430683
0.430775
0.43096
0.431145
0.430885
0.430677
0.430299
0.429748
0.429297
0.429107
0.428732
0.428405
0.428223
0.427926
0.427816
0.427782
0.427871
0.428342
0.428908
0.429811
0.430767
0.431714
0.432274
0.432727
0.432825
0.432637
0.432155
0.431641
0.430902
0.430319
0.429777
0.429332
0.429069
0.428734
0.4284
0.428209
0.428096
0.427903
0.428053
0.428322
0.428656
0.428971
0.429401
0.429901
0.430397
0.430796
0.431067
0.431252
0.431309
0.431338
0.431295
0.431243
0.431197
0.431128
0.430798
0.430314
0.429872
0.429592
0.429266
0.42883
0.428734
0.428636
0.428573
0.428524
0.4287
0.428784
0.42883
0.428922
0.429243
0.429413
0.429676
0.4298
0.429889
0.430172
0.430178
0.430238
0.430221
0.430244
0.430236
0.430218
0.43014
0.430117
0.430143
0.429811
0.429739
0.429655
0.429361
0.429274
0.429107
0.428931
0.429104
0.429124
0.429185
0.429306
0.429456
0.429704
0.429788
0.42982
0.42988
0.429892
0.430059
0.43014
0.430247
0.430253
0.430221
0.430238
0.430328
0.430299
0.430227
0.430285
0.430207
0.429993
0.429852
0.42988
0.429777
0.429771
0.429791
0.429846
0.429921
0.430111
0.43025
0.430299
0.430293
0.43036
0.430357
0.430507
0.430657
0.430767
0.430775
0.43085
0.431125
0.431151
0.431159
0.431125
0.430983
0.430781
0.430666
0.430412
0.430322
0.430244
0.430186
0.430169
0.43014
0.430071
0.429857
0.429803
0.429762
0.429745
0.429707
0.429696
0.42965
0.429736
0.429777
0.429753
0.429834
0.429771
0.429855
0.429727
0.429765
0.429788
0.429702
0.429716
0.429751
0.429756
0.429753
0.429846
0.429863
0.429875
0.429904
0.429889
0.429895
0.429904
0.429984
0.430088
0.430077
0.430143
0.429961
0.4301
0.429892
0.429826
0.429349
0.429332
0.429361
0.429456
0.429543
0.429696
0.429751
0.429794
0.429886
0.429944
0.429984
0.430013
0.429875
0.429855
0.429814
0.429855
0.42986
0.429947
0.43021
0.430259
0.430319
0.430212
0.429973
0.429805
0.429768
0.429872
0.429984
0.430311
0.430348
0.430337
0.430236
0.429788
0.42932
0.428856
0.428362
0.427923
0.42749
0.427193
0.42676
0.42635
0.425905
0.425903
0.426009
0.426685
0.427562
0.428769
0.430224
0.431361
0.432369
0.433088
0.433223
0.432891
0.432285
0.431558
0.430591
0.429719
0.428853
0.428255
0.427828
0.42736
0.426999
0.426797
0.426474
0.426483
0.426491
0.426812
0.42721
0.427785
0.428437
0.429104
0.429736
0.430328
0.430706
0.430943
0.431243
0.431237
0.431211
0.430937
0.430804
0.430527
0.430123
0.429716
0.429237
0.42868
0.428336
0.427889
0.427701
0.427438
0.427337
0.427375
0.427378
0.427487
0.427845
0.428024
0.42842
0.42876
0.428896
0.429228
0.429335
0.429424
0.429497
0.429704
0.42971
0.42969
0.429733
0.429748
0.429551
0.429511
0.429471
0.429329
0.428991
0.42881
0.428642
0.428394
0.428313
0.428261
0.428157
0.428223
0.428319
0.428454
0.428781
0.428885
0.429095
0.429318
0.429344
0.429508
0.429624
0.429488
0.429736
0.429719
0.429768
0.429742
0.429788
0.429855
0.429823
0.429777
0.429716
0.429468
0.429309
0.429136
0.428963
0.428911
0.428882
0.429038
0.429237
0.429335
0.429396
0.429589
0.429676
0.429728
0.429797
0.42982
0.429869
0.429889
0.430161
0.43023
0.430241
0.43027
0.430244
0.430169
0.429883
0.4298
0.429664
0.42937
0.429283
0.429214
0.429173
0.429066
0.428911
0.428922
0.428824
0.428786
0.428734
0.428642
0.428555
0.428581
0.428564
0.428581
0.428789
0.428844
0.428867
0.428893
0.428908
0.42887
0.428844
0.428861
0.428896
0.428925
0.428971
0.429017
0.429032
0.429156
0.429234
0.429257
0.429266
0.429254
0.429251
0.429315
0.42928
0.429245
0.429349
0.429332
0.429361
0.429456
0.429543
0.429696
0.429751
0.429794
0.429886
0.429944
0.429984
0.430013
0.429875
0.429855
0.429814
0.429855
0.42986
0.429947
0.43021
0.430259
0.430319
0.430212
0.429973
0.429805
0.429768
0.429872
0.429984
0.430311
0.430348
0.430337
0.430236
0.429788
0.42932
0.428856
0.428362
0.427923
0.42749
0.427193
0.42676
0.42635
0.425905
0.425903
0.426009
0.426685
0.427562
0.428769
0.430224
0.431361
0.432369
0.433088
0.433223
0.432891
0.432285
0.431558
0.430591
0.429719
0.428853
0.428255
0.427828
0.42736
0.426999
0.426797
0.426474
0.426483
0.426491
0.426812
0.42721
0.427785
0.428437
0.429104
0.429736
0.430328
0.430706
0.430943
0.431243
0.431237
0.431211
0.430937
0.430804
0.430527
0.430123
0.429716
0.429237
0.42868
0.428336
0.427889
0.427701
0.427438
0.427337
0.427375
0.427378
0.427487
0.427845
0.428024
0.42842
0.42876
0.428896
0.429228
0.429335
0.429424
0.429497
0.429704
0.42971
0.42969
0.429733
0.429748
0.429551
0.429511
0.429471
0.429329
0.428991
0.42881
0.428642
0.428394
0.428313
0.428261
0.428157
0.428223
0.428319
0.428454
0.428781
0.428885
0.429095
0.429318
0.429344
0.429508
0.429624
0.429488
0.429736
0.429719
0.429768
0.429742
0.429788
0.429855
0.429823
0.429777
0.429716
0.429468
0.429309
0.429136
0.428963
0.428911
0.428882
0.429038
0.429237
0.429335
0.429396
0.429589
0.429676
0.429728
0.429797
0.42982
0.429869
0.429889
0.430161
0.43023
0.430241
0.43027
0.430244
0.430169
0.429883
0.4298
0.429664
0.42937
0.429283
0.429214
0.429173
0.429066
0.428911
0.428922
0.428824
0.428786
0.428734
0.428642
0.428555
0.428581
0.428564
0.428581
0.428789
0.428844
0.428867
0.428893
0.428908
0.42887
0.428844
0.428861
0.428896
0.428925
0.428971
0.429017
0.429032
0.429156
0.429234
0.429257
0.429266
0.429254
0.429251
0.429315
0.42928
0.429245
0.429349
0.429332
0.429361
0.429456
0.429543
0.429696
0.429751
0.429794
0.429886
0.429944
0.429984
0.430013
0.429875
0.429855
0.429814
0.429855
0.42986
0.429947
0.43021
0.430259
0.430319
0.430212
0.429973
0.429805
0.429768
0.429872
0.429984
0.430311
0.430348
0.430337
0.430236
0.429788
0.42932
0.428856
0.428362
0.427923
0.42749
0.427193
0.42676
0.42635
0.425905
0.425903
0.426009
0.426685
0.427562
0.428769
0.430224
0.431361
0.432369
0.433088
0.433223
0.432891
0.432285
0.431558
0.430591
0.429719
0.428853
0.428255
0.427828
0.42736
0.426999
0.426797
0.426474
0.426483
0.426491
0.426812
0.42721
0.427785
0.428437
0.429104
0.429736
0.430328
0.430706
0.430943
0.431243
0.431237
0.431211
0.430937
0.430804
0.430527
0.430123
0.429716
0.429237
0.42868
0.428336
0.427889
0.427701
0.427438
0.427337
0.427375
0.427378
0.427487
0.427845
0.428024
0.42842
0.42876
0.428896
0.429228
0.429335
0.429424
0.429497
0.429704
0.42971
0.42969
0.429733
0.429748
0.429551
0.429511
0.429471
0.429329
0.428991
0.42881
0.428642
0.428394
0.428313
0.428261
0.428157
0.428223
0.428319
0.428454
0.428781
0.428885
0.429095
0.429318
0.429344
0.429508
0.429624
0.429488
0.429736
0.429719
0.429768
0.429742
0.429788
0.429855
0.429823
0.429777
0.429716
0.429468
0.429309
0.429136
0.428963
0.428911
0.428882
0.429038
0.429237
0.429335
0.429396
0.429589
0.429676
0.429728
0.429797
0.42982
0.429869
0.429889
0.430161
0.43023
0.430241
0.43027
0.430244
0.430169
0.429883
0.4298
0.429664
0.42937
0.429283
0.429214
0.429173
0.429066
0.428911
0.428922
0.428824
0.428786
0.428734
0.428642
0.428555
0.428581
0.428564
0.428581
0.428789
0.428844
0.428867
0.428893
0.428908
0.42887
0.428844
0.428861
0.428896
0.428925
0.428971
0.429017
0.429032
0.429156
0.429234
0.429257
0.429266
0.429254
0.429251
0.429315
0.42928
0.429245
0.429471
0.42958
0.429768
0.429837
0.429944
0.430059
0.430181
0.430059
0.429996
0.430036
0.429967
0.429924
0.43001
0.430233
0.430394
0.430438
0.430516
0.430441
0.430311
0.430083
0.429927
0.430054
0.430342
0.430469
0.430651
0.430553
0.430299
0.429883
0.429341
0.428659
0.428203
0.427609
0.427103
0.426592
0.426015
0.425646
0.425377
0.425241
0.425588
0.426437
0.427672
0.429283
0.430868
0.432349
0.433544
0.43428
0.43432
0.43396
0.433131
0.431982
0.430902
0.429829
0.428882
0.428039
0.427424
0.426907
0.426512
0.426258
0.425983
0.42596
0.426079
0.426465
0.427014
0.427715
0.428478
0.429361
0.429964
0.430735
0.431278
0.43148
0.431688
0.431786
0.431627
0.43152
0.431307
0.43096
0.430501
0.429941
0.429381
0.428694
0.42807
0.42756
0.427193
0.427028
0.42691
0.42693
0.42704
0.4273
0.427536
0.427969
0.428362
0.428547
0.428937
0.429234
0.429442
0.429779
0.429803
0.429843
0.429872
0.429866
0.42986
0.429852
0.429817
0.429702
0.429456
0.429312
0.429066
0.428911
0.428538
0.428374
0.428047
0.427941
0.427981
0.427981
0.428195
0.428405
0.428619
0.428913
0.429329
0.42939
0.429462
0.429606
0.429736
0.429805
0.4298
0.429829
0.429805
0.429912
0.429935
0.429967
0.429932
0.429872
0.42973
0.429439
0.429344
0.429263
0.429052
0.42889
0.428983
0.429009
0.429214
0.429375
0.429465
0.42952
0.429606
0.429572
0.42965
0.429751
0.429901
0.429953
0.430028
0.430267
0.430334
0.430389
0.430331
0.43034
0.430149
0.429953
0.429779
0.429465
0.429378
0.429303
0.429196
0.42896
0.428971
0.428931
0.428922
0.428873
0.428758
0.428668
0.428576
0.42861
0.428691
0.428688
0.428853
0.428908
0.428965
0.429055
0.429029
0.429064
0.428977
0.428942
0.429006
0.428925
0.428954
0.429182
0.429219
0.429297
0.429364
0.429323
0.42941
0.429326
0.429332
0.429372
0.429355
0.429387
0.429398
0.429468
0.429387
0.429358
0.429471
0.42958
0.429768
0.429837
0.429944
0.430059
0.430181
0.430059
0.429996
0.430036
0.429967
0.429924
0.43001
0.430233
0.430394
0.430438
0.430516
0.430441
0.430311
0.430083
0.429927
0.430054
0.430342
0.430469
0.430651
0.430553
0.430299
0.429883
0.429341
0.428659
0.428203
0.427609
0.427103
0.426592
0.426015
0.425646
0.425377
0.425241
0.425588
0.426437
0.427672
0.429283
0.430868
0.432349
0.433544
0.43428
0.43432
0.43396
0.433131
0.431982
0.430902
0.429829
0.428882
0.428039
0.427424
0.426907
0.426512
0.426258
0.425983
0.42596
0.426079
0.426465
0.427014
0.427715
0.428478
0.429361
0.429964
0.430735
0.431278
0.43148
0.431688
0.431786
0.431627
0.43152
0.431307
0.43096
0.430501
0.429941
0.429381
0.428694
0.42807
0.42756
0.427193
0.427028
0.42691
0.42693
0.42704
0.4273
0.427536
0.427969
0.428362
0.428547
0.428937
0.429234
0.429442
0.429779
0.429803
0.429843
0.429872
0.429866
0.42986
0.429852
0.429817
0.429702
0.429456
0.429312
0.429066
0.428911
0.428538
0.428374
0.428047
0.427941
0.427981
0.427981
0.428195
0.428405
0.428619
0.428913
0.429329
0.42939
0.429462
0.429606
0.429736
0.429805
0.4298
0.429829
0.429805
0.429912
0.429935
0.429967
0.429932
0.429872
0.42973
0.429439
0.429344
0.429263
0.429052
0.42889
0.428983
0.429009
0.429214
0.429375
0.429465
0.42952
0.429606
0.429572
0.42965
0.429751
0.429901
0.429953
0.430028
0.430267
0.430334
0.430389
0.430331
0.43034
0.430149
0.429953
0.429779
0.429465
0.429378
0.429303
0.429196
0.42896
0.428971
0.428931
0.428922
0.428873
0.428758
0.428668
0.428576
0.42861
0.428691
0.428688
0.428853
0.428908
0.428965
0.429055
0.429029
0.429064
0.428977
0.428942
0.429006
0.428925
0.428954
0.429182
0.429219
0.429297
0.429364
0.429323
0.42941
0.429326
0.429332
0.429372
0.429355
0.429387
0.429398
0.429468
0.429387
0.429358
0.429471
0.42958
0.429768
0.429837
0.429944
0.430059
0.430181
0.430059
0.429996
0.430036
0.429967
0.429924
0.43001
0.430233
0.430394
0.430438
0.430516
0.430441
0.430311
0.430083
0.429927
0.430054
0.430342
0.430469
0.430651
0.430553
0.430299
0.429883
0.429341
0.428659
0.428203
0.427609
0.427103
0.426592
0.426015
0.425646
0.425377
0.425241
0.425588
0.426437
0.427672
0.429283
0.430868
0.432349
0.433544
0.43428
0.43432
0.43396
0.433131
0.431982
0.430902
0.429829
0.428882
0.428039
0.427424
0.426907
0.426512
0.426258
0.425983
0.42596
0.426079
0.426465
0.427014
0.427715
0.428478
0.429361
0.429964
0.430735
0.431278
0.43148
0.431688
0.431786
0.431627
0.43152
0.431307
0.43096
0.430501
0.429941
0.429381
0.428694
0.42807
0.42756
0.427193
0.427028
0.42691
0.42693
0.42704
0.4273
0.427536
0.427969
0.428362
0.428547
0.428937
0.429234
0.429442
0.429779
0.429803
0.429843
0.429872
0.429866
0.42986
0.429852
0.429817
0.429702
0.429456
0.429312
0.429066
0.428911
0.428538
0.428374
0.428047
0.427941
0.427981
0.427981
0.428195
0.428405
0.428619
0.428913
0.429329
0.42939
0.429462
0.429606
0.429736
0.429805
0.4298
0.429829
0.429805
0.429912
0.429935
0.429967
0.429932
0.429872
0.42973
0.429439
0.429344
0.429263
0.429052
0.42889
0.428983
0.429009
0.429214
0.429375
0.429465
0.42952
0.429606
0.429572
0.42965
0.429751
0.429901
0.429953
0.430028
0.430267
0.430334
0.430389
0.430331
0.43034
0.430149
0.429953
0.429779
0.429465
0.429378
0.429303
0.429196
0.42896
0.428971
0.428931
0.428922
0.428873
0.428758
0.428668
0.428576
0.42861
0.428691
0.428688
0.428853
0.428908
0.428965
0.429055
0.429029
0.429064
0.428977
0.428942
0.429006
0.428925
0.428954
0.429182
0.429219
0.429297
0.429364
0.429323
0.42941
0.429326
0.429332
0.429372
0.429355
0.429387
0.429398
0.429468
0.429387
0.429358
